5.151023438193740034e-02
0.000000000000000000e+00
0.000000000000000000e+00
0.000000000000000000e+00
0.000000000000000000e+00
0.000000000000000000e+00
0.000000000000000000e+00
0.000000000000000000e+00
0.000000000000000000e+00
0.000000000000000000e+00
0.000000000000000000e+00
0.000000000000000000e+00
0.000000000000000000e+00
0.000000000000000000e+00
0.000000000000000000e+00
0.000000000000000000e+00
0.000000000000000000e+00
0.000000000000000000e+00
2.084997902222872901e-01
2.199333447171110956e-01
0.000000000000000000e+00
0.000000000000000000e+00
0.000000000000000000e+00
0.000000000000000000e+00
0.000000000000000000e+00
0.000000000000000000e+00
0.000000000000000000e+00
0.000000000000000000e+00
0.000000000000000000e+00
0.000000000000000000e+00
0.000000000000000000e+00
0.000000000000000000e+00
0.000000000000000000e+00
0.000000000000000000e+00
0.000000000000000000e+00
0.000000000000000000e+00
-1.645452242911703833e-01
2.304271872378368252e-02
2.200010214040428458e-01
0.000000000000000000e+00
0.000000000000000000e+00
0.000000000000000000e+00
0.000000000000000000e+00
0.000000000000000000e+00
0.000000000000000000e+00
0.000000000000000000e+00
0.000000000000000000e+00
0.000000000000000000e+00
0.000000000000000000e+00
0.000000000000000000e+00
0.000000000000000000e+00
0.000000000000000000e+00
0.000000000000000000e+00
0.000000000000000000e+00
-1.335474359994033924e-02
-1.924202197710629669e-01
7.161100008920615219e-03
4.159344387852182967e-01
0.000000000000000000e+00
0.000000000000000000e+00
0.000000000000000000e+00
0.000000000000000000e+00
0.000000000000000000e+00
0.000000000000000000e+00
0.000000000000000000e+00
0.000000000000000000e+00
0.000000000000000000e+00
0.000000000000000000e+00
0.000000000000000000e+00
0.000000000000000000e+00
0.000000000000000000e+00
0.000000000000000000e+00
5.887384627725354615e-04
-3.947964734350955032e-03
1.525341390787904663e-02
-1.131799839832926466e-02
2.731618244279807595e-01
0.000000000000000000e+00
0.000000000000000000e+00
0.000000000000000000e+00
0.000000000000000000e+00
0.000000000000000000e+00
0.000000000000000000e+00
0.000000000000000000e+00
0.000000000000000000e+00
0.000000000000000000e+00
0.000000000000000000e+00
0.000000000000000000e+00
0.000000000000000000e+00
0.000000000000000000e+00
5.601957455826333566e-03
4.287921864693018670e-03
4.261320069374612690e-03
2.119170116426408526e-03
1.217269517316781624e-01
1.939594774345078099e-01
0.000000000000000000e+00
0.000000000000000000e+00
0.000000000000000000e+00
0.000000000000000000e+00
0.000000000000000000e+00
0.000000000000000000e+00
0.000000000000000000e+00
0.000000000000000000e+00
0.000000000000000000e+00
0.000000000000000000e+00
0.000000000000000000e+00
0.000000000000000000e+00
-1.168149277476244292e-03
4.550842161002263860e-03
-2.868564829759002056e-03
-1.815124740603299381e-03
-1.119378118124731217e-03
-2.259650886249117349e-02
9.891693556875613691e-02
0.000000000000000000e+00
0.000000000000000000e+00
0.000000000000000000e+00
0.000000000000000000e+00
0.000000000000000000e+00
0.000000000000000000e+00
0.000000000000000000e+00
0.000000000000000000e+00
0.000000000000000000e+00
0.000000000000000000e+00
0.000000000000000000e+00
-1.213051009694632448e-01
-1.356148950975003264e-01
1.062510478236259291e-02
-1.907249211717150159e-02
1.506708595122601968e-01
-1.140406919078627151e-01
-2.838544463513353877e-02
9.477230861444309318e-02
0.000000000000000000e+00
0.000000000000000000e+00
0.000000000000000000e+00
0.000000000000000000e+00
0.000000000000000000e+00
0.000000000000000000e+00
0.000000000000000000e+00
0.000000000000000000e+00
0.000000000000000000e+00
0.000000000000000000e+00
3.610745287729515834e-02
9.050707344094776827e-03
2.409560048497636289e-03
-2.602165052838376069e-03
9.245839407461743003e-04
-3.471029166494631057e-02
-2.291205588628169795e-02
-4.213498317660421821e-02
6.278610679193034894e-02
0.000000000000000000e+00
0.000000000000000000e+00
0.000000000000000000e+00
0.000000000000000000e+00
0.000000000000000000e+00
0.000000000000000000e+00
0.000000000000000000e+00
0.000000000000000000e+00
0.000000000000000000e+00
2.024809591376605378e-01
-3.745413413525328084e-02
1.378685309528160201e-03
-1.046589967814635577e-02
9.132239560968336348e-03
1.681921499473291448e-01
-2.098652091149918464e-01
1.297287283778507383e-01
-3.719589163248274155e-02
1.663325688933602886e-01
0.000000000000000000e+00
0.000000000000000000e+00
0.000000000000000000e+00
0.000000000000000000e+00
0.000000000000000000e+00
0.000000000000000000e+00
0.000000000000000000e+00
0.000000000000000000e+00
3.349019228346158342e-03
4.138373827058601170e-03
-1.504607923585419551e-03
-2.304824814545297119e-03
3.308248302096605288e-04
5.372821588903340002e-03
1.710844028443838510e-02
1.235827000663738268e-02
1.962714787089090210e-02
8.043554340261665700e-03
1.357082878017380062e-02
0.000000000000000000e+00
0.000000000000000000e+00
0.000000000000000000e+00
0.000000000000000000e+00
0.000000000000000000e+00
0.000000000000000000e+00
0.000000000000000000e+00
5.367097116825278111e-03
1.552872546429114910e-02
-1.821120429505609971e-03
1.062297668986771082e-02
1.264173659656748772e-01
1.041556442453216436e-01
2.461088681937669692e-02
-9.031214846432154830e-02
5.387608542747558595e-04
3.011561363936726514e-03
-2.049244522493429144e-03
1.604119434797531552e-01
0.000000000000000000e+00
0.000000000000000000e+00
0.000000000000000000e+00
0.000000000000000000e+00
0.000000000000000000e+00
0.000000000000000000e+00
-1.494270591090437333e-02
-7.832206358988916262e-03
-5.088501695608362192e-03
-3.031767901145887394e-03
-7.668324136774368541e-03
2.040596218214809493e-03
5.635857584182797815e-03
-6.245193917203195784e-03
1.782461759926961577e-03
-2.245478438136563892e-03
2.079114567863749041e-03
6.902686964365588144e-03
9.188798638701468902e-02
0.000000000000000000e+00
0.000000000000000000e+00
0.000000000000000000e+00
0.000000000000000000e+00
0.000000000000000000e+00
2.905413084144253008e-04
2.177314219424889789e-03
2.537519359898311039e-03
1.535089436933437246e-03
2.267759974919097542e-03
1.208470745678892448e-03
3.657907579935551143e-03
-4.957320144773424454e-03
-3.260652142691708227e-04
2.000845754251264538e-03
-2.594399911120340036e-03
5.680389669498943795e-04
2.054049141870464715e-04
8.465298209413026076e-02
0.000000000000000000e+00
0.000000000000000000e+00
0.000000000000000000e+00
0.000000000000000000e+00
3.665746636992494450e-02
3.034877008190995686e-03
4.044879403642874689e-03
5.029768617356530913e-03
6.418895102087952224e-04
-2.045511141957268714e-03
1.732357704301765167e-02
5.147685805874396663e-03
-9.848619849399642065e-03
-5.931341280519811937e-03
-1.686806811501316344e-03
3.873136969205227906e-03
-1.459517011329885942e-04
1.059760679002356163e-03
7.484284547614658556e-02
0.000000000000000000e+00
0.000000000000000000e+00
0.000000000000000000e+00
9.364090400446722483e-04
5.476109589217130653e-03
6.089705109073942097e-04
-2.406693370980434420e-03
-3.381598699778803164e-05
2.582308836357940542e-03
-9.253400362294587509e-05
2.302201624399132906e-03
4.278616166191255912e-03
-4.469241139714814903e-03
9.190131173202526794e-04
9.724547574785634722e-04
2.603971656714410780e-04
-5.186700882897315838e-04
7.027237040604263204e-04
3.068314548033698394e-02
0.000000000000000000e+00
0.000000000000000000e+00
-7.590412263844317211e-04
8.622485982029240090e-03
1.007155957742087707e-03
-1.219391274044005812e-03
3.656084536563028041e-04
-1.671424117161614091e-03
2.353937618093714622e-03
-2.055115649862664269e-03
-1.859645942464965493e-03
4.679790677287909428e-03
-1.457190724711808711e-03
1.506037631095198507e-04
-2.601791840725822401e-04
3.029873228639481464e-04
1.118010470115975998e-04
-2.334933388616630494e-04
1.357681262110150243e-02
0.000000000000000000e+00
-3.161437827029412589e-02
-3.086581678506669646e-02
5.550981512107438023e-03
-1.260059721165572577e-02
2.776085810119737103e-03
7.822608366943133856e-03
-2.091389823936394294e-03
1.616256450962326018e-04
2.763223696044426504e-03
-2.498321876358427628e-03
2.942617371423887759e-04
-5.959966187006399650e-03
-4.459653153151671087e-03
2.393706408003979779e-03
-6.317250117130917761e-03
-3.027894285985051337e-03
-3.334184882797192571e-03
9.742387030280079407e-02
